-0.8174299999999999899
-0.8174299999999999899
-0.8174299999999999899
-0.8174299999999999899
-0.8174299999999999899
-0.8174299999999999899
-0.8174299999999999899
-0.8174299999999999899
-0.8174299999999999899
-0.8174299999999999899
0.5254400000000000182
0.5254400000000000182
0.5254400000000000182
0.5254400000000000182
0.5254400000000000182
0.5254400000000000182
0.5254400000000000182
0.5254400000000000182
0.5254400000000000182
0.5254400000000000182
0.2334499999999999909
0.2334499999999999909
0.2334499999999999909
0.2334499999999999909
0.2334499999999999909
0.2334499999999999909
0.2334499999999999909
0.2334499999999999909
0.2334499999999999909
0.2334499999999999909
-0.8759799999999999809
-0.8759799999999999809
-0.8759799999999999809
-0.8759799999999999809
-0.8759799999999999809
-0.8759799999999999809
-0.8759799999999999809
-0.8759799999999999809
-0.8759799999999999809
-0.8759799999999999809
0.9341500000000000359
0.9341500000000000359
0.9341500000000000359
0.9341500000000000359
0.9341500000000000359
0.9341500000000000359
0.9341500000000000359
0.9341500000000000359
0.9341500000000000359
0.9341500000000000359
1.576300000000000034
1.576300000000000034
1.576300000000000034
1.576300000000000034
1.576300000000000034
1.576300000000000034
1.576300000000000034
1.576300000000000034
1.576300000000000034
1.576300000000000034
2.452300000000000146
2.452300000000000146
2.452300000000000146
2.452300000000000146
2.452300000000000146
2.452300000000000146
2.452300000000000146
2.452300000000000146
2.452300000000000146
2.452300000000000146
1.226099999999999968
1.226099999999999968
1.226099999999999968
1.226099999999999968
1.226099999999999968
1.226099999999999968
1.226099999999999968
1.226099999999999968
1.226099999999999968
1.226099999999999968
1.167599999999999971
1.167599999999999971
1.167599999999999971
1.167599999999999971
1.167599999999999971
1.167599999999999971
1.167599999999999971
1.167599999999999971
1.167599999999999971
1.167599999999999971
0.6421599999999999531
0.6421599999999999531
0.6421599999999999531
0.6421599999999999531
0.6421599999999999531
0.6421599999999999531
0.6421599999999999531
0.6421599999999999531
0.6421599999999999531
0.6421599999999999531
0.4087200000000000277
0.4087200000000000277
0.4087200000000000277
0.4087200000000000277
0.4087200000000000277
0.4087200000000000277
0.4087200000000000277
0.4087200000000000277
0.4087200000000000277
0.4087200000000000277
0.5254400000000000182
0.5254400000000000182
0.5254400000000000182
0.5254400000000000182
0.5254400000000000182
0.5254400000000000182
0.5254400000000000182
0.5254400000000000182
0.5254400000000000182
0.5254400000000000182
1.284299999999999997
1.284299999999999997
1.284299999999999997
1.284299999999999997
1.284299999999999997
1.284299999999999997
1.284299999999999997
1.284299999999999997
1.284299999999999997
1.284299999999999997
1.167200000000000043e-01
1.167200000000000043e-01
1.167200000000000043e-01
1.167200000000000043e-01
1.167200000000000043e-01
1.167200000000000043e-01
1.167200000000000043e-01
1.167200000000000043e-01
1.167200000000000043e-01
1.167200000000000043e-01
1.050899999999999945e+00
1.050899999999999945e+00
1.050899999999999945e+00
1.050899999999999945e+00
1.050899999999999945e+00
1.050899999999999945e+00
1.050899999999999945e+00
1.050899999999999945e+00
1.050899999999999945e+00
1.050899999999999945e+00
1.167200000000000043e-01
1.167200000000000043e-01
1.167200000000000043e-01
1.167200000000000043e-01
1.167200000000000043e-01
1.167200000000000043e-01
1.167200000000000043e-01
1.167200000000000043e-01
1.167200000000000043e-01
1.167200000000000043e-01
-7.007100000000000550e-01
-7.007100000000000550e-01
-7.007100000000000550e-01
-7.007100000000000550e-01
-7.007100000000000550e-01
-7.007100000000000550e-01
-7.007100000000000550e-01
-7.007100000000000550e-01
-7.007100000000000550e-01
-7.007100000000000550e-01
-1.226099999999999968e+00
-1.226099999999999968e+00
-1.226099999999999968e+00
-1.226099999999999968e+00
-1.226099999999999968e+00
-1.226099999999999968e+00
-1.226099999999999968e+00
-1.226099999999999968e+00
-1.226099999999999968e+00
-1.226099999999999968e+00
-8.174299999999999899e-01
-8.174299999999999899e-01
-8.174299999999999899e-01
-8.174299999999999899e-01
-8.174299999999999899e-01
-8.174299999999999899e-01
-8.174299999999999899e-01
-8.174299999999999899e-01
-8.174299999999999899e-01
-8.174299999999999899e-01
-2.919900000000000273e-01
-2.919900000000000273e-01
-2.919900000000000273e-01
-2.919900000000000273e-01
-2.919900000000000273e-01
-2.919900000000000273e-01
-2.919900000000000273e-01
-2.919900000000000273e-01
-2.919900000000000273e-01
-2.919900000000000273e-01
-8.174299999999999899e-01
-8.174299999999999899e-01
-8.174299999999999899e-01
-8.174299999999999899e-01
-8.174299999999999899e-01
-8.174299999999999899e-01
-8.174299999999999899e-01
-8.174299999999999899e-01
-8.174299999999999899e-01
-8.174299999999999899e-01
-1.167200000000000043e-01
-1.167200000000000043e-01
-1.167200000000000043e-01
-1.167200000000000043e-01
-1.167200000000000043e-01
-1.167200000000000043e-01
-1.167200000000000043e-01
-1.167200000000000043e-01
-1.167200000000000043e-01
-1.167200000000000043e-01
0.000000000000000000e+00
0.000000000000000000e+00
0.000000000000000000e+00
0.000000000000000000e+00
0.000000000000000000e+00
0.000000000000000000e+00
0.000000000000000000e+00
0.000000000000000000e+00
0.000000000000000000e+00
0.000000000000000000e+00
-1.167200000000000043e-01
-1.167200000000000043e-01
-1.167200000000000043e-01
-1.167200000000000043e-01
-1.167200000000000043e-01
-1.167200000000000043e-01
-1.167200000000000043e-01
-1.167200000000000043e-01
-1.167200000000000043e-01
-1.167200000000000043e-01
1.752700000000000091e-01
1.752700000000000091e-01
1.752700000000000091e-01
1.752700000000000091e-01
1.752700000000000091e-01
1.752700000000000091e-01
1.752700000000000091e-01
1.752700000000000091e-01
1.752700000000000091e-01
1.752700000000000091e-01
1.752700000000000091e-01
1.752700000000000091e-01
1.752700000000000091e-01
1.752700000000000091e-01
1.752700000000000091e-01
1.752700000000000091e-01
1.752700000000000091e-01
1.752700000000000091e-01
1.752700000000000091e-01
1.752700000000000091e-01
2.919900000000000273e-01
2.919900000000000273e-01
2.919900000000000273e-01
2.919900000000000273e-01
2.919900000000000273e-01
2.919900000000000273e-01
2.919900000000000273e-01
2.919900000000000273e-01
2.919900000000000273e-01
2.919900000000000273e-01
2.277000000000000135e+00
2.277000000000000135e+00
2.277000000000000135e+00
2.277000000000000135e+00
2.277000000000000135e+00
2.277000000000000135e+00
2.277000000000000135e+00
2.277000000000000135e+00
2.277000000000000135e+00
2.277000000000000135e+00
1.868300000000000072e+00
1.868300000000000072e+00
1.868300000000000072e+00
1.868300000000000072e+00
1.868300000000000072e+00
1.868300000000000072e+00
1.868300000000000072e+00
1.868300000000000072e+00
1.868300000000000072e+00
1.868300000000000072e+00
-1.167200000000000043e-01
-1.167200000000000043e-01
-1.167200000000000043e-01
-1.167200000000000043e-01
-1.167200000000000043e-01
-1.167200000000000043e-01
-1.167200000000000043e-01
-1.167200000000000043e-01
-1.167200000000000043e-01
-1.167200000000000043e-01
-8.174299999999999899e-01
-8.174299999999999899e-01
-8.174299999999999899e-01
-8.174299999999999899e-01
-8.174299999999999899e-01
-8.174299999999999899e-01
-8.174299999999999899e-01
-8.174299999999999899e-01
-8.174299999999999899e-01
-8.174299999999999899e-01
-5.254400000000000182e-01
-5.254400000000000182e-01
-5.254400000000000182e-01
-5.254400000000000182e-01
-5.254400000000000182e-01
-5.254400000000000182e-01
-5.254400000000000182e-01
-5.254400000000000182e-01
-5.254400000000000182e-01
-5.254400000000000182e-01
-7.588799999999999990e-01
-7.588799999999999990e-01
-7.588799999999999990e-01
-7.588799999999999990e-01
-7.588799999999999990e-01
-7.588799999999999990e-01
-7.588799999999999990e-01
-7.588799999999999990e-01
-7.588799999999999990e-01
-7.588799999999999990e-01
-7.007100000000000550e-01
-7.007100000000000550e-01
-7.007100000000000550e-01
-7.007100000000000550e-01
-7.007100000000000550e-01
-7.007100000000000550e-01
-7.007100000000000550e-01
-7.007100000000000550e-01
-7.007100000000000550e-01
-7.007100000000000550e-01
-8.759799999999999809e-01
-8.759799999999999809e-01
-8.759799999999999809e-01
-8.759799999999999809e-01
-8.759799999999999809e-01
-8.759799999999999809e-01
-8.759799999999999809e-01
-8.759799999999999809e-01
-8.759799999999999809e-01
-8.759799999999999809e-01
-9.927000000000000268e-01
-9.927000000000000268e-01
-9.927000000000000268e-01
-9.927000000000000268e-01
-9.927000000000000268e-01
-9.927000000000000268e-01
-9.927000000000000268e-01
-9.927000000000000268e-01
-9.927000000000000268e-01
-9.927000000000000268e-01
-1.810100000000000042e+00
-1.810100000000000042e+00
-1.810100000000000042e+00
-1.810100000000000042e+00
-1.810100000000000042e+00
-1.810100000000000042e+00
-1.810100000000000042e+00
-1.810100000000000042e+00
-1.810100000000000042e+00
-1.810100000000000042e+00
-2.861000000000000210e+00
-2.861000000000000210e+00
-2.861000000000000210e+00
-2.861000000000000210e+00
-2.861000000000000210e+00
-2.861000000000000210e+00
-2.861000000000000210e+00
-2.861000000000000210e+00
-2.861000000000000210e+00
-2.861000000000000210e+00
-1.868300000000000072e+00
-1.868300000000000072e+00
-1.868300000000000072e+00
-1.868300000000000072e+00
-1.868300000000000072e+00
-1.868300000000000072e+00
-1.868300000000000072e+00
-1.868300000000000072e+00
-1.868300000000000072e+00
-1.868300000000000072e+00
-2.101799999999999891e+00
-2.101799999999999891e+00
-2.101799999999999891e+00
-2.101799999999999891e+00
-2.101799999999999891e+00
-2.101799999999999891e+00
-2.101799999999999891e+00
-2.101799999999999891e+00
-2.101799999999999891e+00
-2.101799999999999891e+00
-5.254400000000000182e-01
-5.254400000000000182e-01
-5.254400000000000182e-01
-5.254400000000000182e-01
-5.254400000000000182e-01
-5.254400000000000182e-01
-5.254400000000000182e-01
-5.254400000000000182e-01
-5.254400000000000182e-01
-5.254400000000000182e-01
-3.501699999999999813e-01
-3.501699999999999813e-01
-3.501699999999999813e-01
-3.501699999999999813e-01
-3.501699999999999813e-01
-3.501699999999999813e-01
-3.501699999999999813e-01
-3.501699999999999813e-01
-3.501699999999999813e-01
-3.501699999999999813e-01
-1.109099999999999975e+00
-1.109099999999999975e+00
-1.109099999999999975e+00
-1.109099999999999975e+00
-1.109099999999999975e+00
-1.109099999999999975e+00
-1.109099999999999975e+00
-1.109099999999999975e+00
-1.109099999999999975e+00
-1.109099999999999975e+00
-1.167200000000000043e-01
-1.167200000000000043e-01
-1.167200000000000043e-01
-1.167200000000000043e-01
-1.167200000000000043e-01
-1.167200000000000043e-01
-1.167200000000000043e-01
-1.167200000000000043e-01
-1.167200000000000043e-01
-1.167200000000000043e-01
-1.167200000000000043e-01
-1.167200000000000043e-01
-1.167200000000000043e-01
-1.167200000000000043e-01
-1.167200000000000043e-01
-1.167200000000000043e-01
-1.167200000000000043e-01
-1.167200000000000043e-01
-1.167200000000000043e-01
-1.167200000000000043e-01
-1.342899999999999983e+00
-1.342899999999999983e+00
-1.342899999999999983e+00
-1.342899999999999983e+00
-1.342899999999999983e+00
-1.342899999999999983e+00
-1.342899999999999983e+00
-1.342899999999999983e+00
-1.342899999999999983e+00
-1.342899999999999983e+00
-1.167200000000000043e-01
-1.167200000000000043e-01
-1.167200000000000043e-01
-1.167200000000000043e-01
-1.167200000000000043e-01
-1.167200000000000043e-01
-1.167200000000000043e-01
-1.167200000000000043e-01
-1.167200000000000043e-01
-1.167200000000000043e-01
-4.262100000000000222e+00
-4.262100000000000222e+00
-4.262100000000000222e+00
-4.262100000000000222e+00
-4.262100000000000222e+00
-4.262100000000000222e+00
-4.262100000000000222e+00
-4.262100000000000222e+00
-4.262100000000000222e+00
-4.262100000000000222e+00
