-7.828299999999999592e+00
-6.501500000000000057e+00
-7.164900000000000269e+00
-6.501500000000000057e+00
-7.164900000000000269e+00
-3.550699999999999967e+00
-3.550699999999999967e+00
-3.550699999999999967e+00
-5.108299999999999841e+00
-5.452399999999999913e+00
-6.235400000000000276e+00
-2.208400000000000141e+00
-1.214399999999999924e+00
-6.917699999999999960e-01
7.669599999999999751e-01
2.388300000000000090e+00
2.325000000000000178e+00
1.725700000000000012e+00
1.214399999999999924e+00
1.214399999999999924e+00
5.413799999999999724e-01
-1.125799999999999912e+00
-1.558799999999999963e+00
-3.825000000000000178e+00
-4.861399999999999721e+00
-4.638600000000000279e+00
-4.349599999999999689e+00
-4.861399999999999721e+00
-5.287799999999999834e+00
-5.287799999999999834e+00
-3.336599999999999788e+00
-1.214399999999999924e+00
1.558799999999999963e+00
6.220200000000000173e-01
1.342300000000000049e+00
1.724900000000000100e+00
3.496799999999999908e+00
5.452399999999999913e+00
1.558799999999999963e+00
2.468199999999999950e+00
1.836400000000000032e+00
2.132600000000000051e+00
1.836400000000000032e+00
2.208400000000000141e+00
7.669599999999999751e-01
-6.917699999999999960e-01
-5.768899999999999926e-16
1.125799999999999912e+00
